name: Genome_env
channels:
  - anaconda
  - conda-forge
  - bioconda
  - defaults
dependencies:
  - _libgcc_mutex=0.1=main
  - bbmap=38.84=h516909a_0
  - biolib=0.1.6=py_0
  - biopython=1.78=py38h25fe258_1
  - blas=1.0=mkl
  - blast=2.10.1=pl526he19e7b1_3
  - bowtie2=2.2.5=py38hed8969a_7
  - bzip2=1.0.8=h516909a_3
  - c-ares=1.17.1=h36c2ea0_0
  - ca-certificates=2022.6.15=ha878542_0
  - capnproto=0.6.1=hfc679d8_1
  - certifi=2022.6.15=pyhd8ed1ab_1
  - comparem=0.1.1=py_0
  - curl=7.71.1=he644dc0_8
  - cycler=0.10.0=py38_0
  - decorator=4.4.2=py_0
  - dendropy=4.5.2=pyh3252c3a_0
  - diamond=0.9.21=1
  - entrez-direct=15.6=he881be0_1
  - fasttree=2.1.10=h516909a_4
  - freetype=2.10.4=h5ab3b9f_0
  - future=0.18.2=py38_1
  - gsl=1.16=0
  - hmmer=3.3.2=he1b5a44_0
  - htslib=1.11=hd3b49d5_1
  - intel-openmp=2020.2=254
  - iqtree=2.1.2=h56fc30b_0
  - jpeg=9b=h024ee3a_2
  - kiwisolver=1.2.0=py38hfd86e86_0
  - krb5=1.17.2=h926e7f8_0
  - lcms2=2.11=h396b838_0
  - ld_impl_linux-64=2.33.1=h53a641e_7
  - libcurl=7.71.1=hcdd3856_8
  - libdeflate=1.6=h516909a_0
  - libedit=3.1.20191231=h7b6447c_0
  - libev=4.33=h516909a_1
  - libffi=3.3=he6710b0_1
  - libgcc=7.2.0=h69d50b8_2
  - libgcc-ng=9.1.0=hdf63c60_0
  - libgfortran-ng=7.3.0=hdf63c60_0
  - libnghttp2=1.41.0=h8cfc5f6_2
  - libpng=1.6.37=hbc83047_0
  - libssh2=1.9.0=hab1572f_5
  - libstdcxx-ng=9.1.0=hdf63c60_0
  - libtiff=4.1.0=h2733197_1
  - lz4-c=1.9.2=heb0550a_3
  - mafft=7.475=h516909a_0
  - mash=2.0=gsl1.16_1
  - matplotlib-base=3.3.2=py38h817c723_0
  - megahit=1.2.9=h8b12597_0
  - mkl=2020.2=256
  - mkl-service=2.3.0=py38he904b0f_0
  - mkl_fft=1.2.0=py38h23d657b_0
  - mkl_random=1.1.1=py38h0573a6f_0
  - muscle=3.8.1551=hc9558a2_5
  - ncurses=6.2=he6710b0_1
  - networkx=2.4=py_0
  - numpy-base=1.19.2=py38hfa32c7d_0
  - olefile=0.46=py_0
  - openjdk=8.0.152=h7b6447c_3
  - openssl=1.1.1h=h516909a_0
  - pandas=1.1.4=py38h0ef3d22_0
  - patsy=0.5.2=pyhd8ed1ab_0
  - pcre=8.44=he1b5a44_0
  - perl=5.26.2=h36c2ea0_1008
  - perl-archive-tar=2.32=pl526_0
  - perl-carp=1.38=pl526_3
  - perl-common-sense=3.74=pl526_2
  - perl-compress-raw-bzip2=2.087=pl526he1b5a44_0
  - perl-compress-raw-zlib=2.087=pl526hc9558a2_0
  - perl-exporter=5.72=pl526_1
  - perl-exporter-tiny=1.002001=pl526_0
  - perl-extutils-makemaker=7.36=pl526_1
  - perl-io-compress=2.087=pl526he1b5a44_0
  - perl-io-zlib=1.10=pl526_2
  - perl-json=4.02=pl526_0
  - perl-json-xs=2.34=pl526h6bb024c_3
  - perl-list-moreutils=0.428=pl526_1
  - perl-list-moreutils-xs=0.428=pl526_0
  - perl-pathtools=3.75=pl526h14c3975_1
  - perl-scalar-list-utils=1.52=pl526h516909a_0
  - perl-types-serialiser=1.0=pl526_2
  - perl-xsloader=0.24=pl526_0
  - phylophlan=3.0.1=py_0
  - pillow=8.0.1=py38he98fc37_0
  - pip=20.1.1=py38_1
  - prodigal=2.6.3=h516909a_2
  - pyparsing=2.4.7=py_0
  - python=3.8.3=hcff3b4d_0
  - python-dateutil=2.8.1=py_0
  - python_abi=3.8=2_cp38
  - pytz=2021.3=pyhd8ed1ab_0
  - raxml=8.2.12=h516909a_2
  - readline=8.0=h7b6447c_0
  - samtools=1.11=h6270b1f_0
  - scipy=1.5.2=py38h0b6359f_0
  - seaborn=0.11.2=hd8ed1ab_0
  - seaborn-base=0.11.2=pyhd8ed1ab_0
  - setuptools=47.3.1=py38_0
  - six=1.15.0=py_0
  - spades=3.13.1=0
  - sqlite=3.32.3=h62c20be_0
  - statsmodels=0.12.1=py38h0b5ebd8_1
  - tk=8.6.10=hbc83047_0
  - tornado=6.0.4=py38h7b6447c_1
  - trimal=1.4.1=hc9558a2_4
  - trimmomatic=0.39=1
  - wheel=0.34.2=py38_0
  - xz=5.2.5=h7b6447c_0
  - zlib=1.2.11=h7b6447c_3
  - zstd=1.4.5=h9ceee32_0
  - pip:
    - htseq==2.0.2
    - numpy==1.23.2
    - pysam==0.19.1
prefix: /home/nicole/miniconda2/envs/Genome_env
